island #0
0->2->89->62->34->98->48->96->25->65->69->13->54->80->97->37->33->57->84->92->56->76->91->88->31->14->18->16->82->45->87->27->26->4->100->52->21->63->40->17->86->90->51->93->1->28->20->15->6->10->23->44->29->12->55->77->81->36->60->39->41->71->72->49->24->32->50->59->42->75
0->2->89->62->34->98->48->96->25->69->65->13->54->80->97->37->33->57->84->92->56->76->91->88->31->14->18->16->82->45->87->27->26->4->100->52->21->63->40->17->86->90->51->93->1->28->20->15->6->10->23->44->29->12->77->55->36->81->60->39->41->71->72->49->50->32->24->59->75->42
0->2->89->34->62->98->48->96->25->65->69->13->54->80->97->37->57->92->84->56->91->88->31->14->18->82->45->87->27->26->4->100->52->21->63->40->17->86->90->51->93->1->28->20->15->6->10->23->44->12->29->36->55->77->81->60->39->41->71->72->49->32->50->24->59->42->75
0->2->89->34->62->98->48->96->25->65->69->13->54->80->97->37->33->57->84->92->56->76->91->88->31->14->18->16->82->45->87->27->26->4->100->52->21->63->40->17->86->90->51->93->1->28->20->15->6->10->23->44->29->36->55->12->77->81->60->39->41->71->72->49->32->50->24->59->42->75
0->2->89->62->34->98->48->96->25->65->69->13->54->80->97->57->37->33->84->92->56->76->91->88->31->14->18->16->82->45->87->27->26->4->100->52->21->63->40->17->86->90->51->93->1->28->20->15->6->10->23->44->29->36->12->55->77->81->60->39->41->71->72->49->24->32->50->59->75->42
0->2->89->34->62->98->48->96->25->65->69->13->54->80->97->57->37->33->84->92->56->76->91->88->31->14->18->16->82->45->87->27->26->4->100->52->21->63->40->17->86->90->51->93->1->28->20->15->6->10->23->44->29->36->12->55->77->81->60->39->41->71->72->49->32->50->24->59->75->42
0->2->89->62->34->98->48->96->84->65->97->37->92->56->91->88->31->14->18->16->82->45->61->77->55->32->17->23->71->49->24->29->50->59->75->42
0->2->89->34->62->98->48->96->25->65->69->13->54->80->97->37->57->33->84->92->56->76->91->88->31->14->18->16->82->45->87->27->26->4->100->52->21->63->40->17->86->90->51->93->1->28->20->15->6->10->23->44->29->12->55->77->36->81->60->39->41->71->72->49->32->50->24->59->42->75
0->2->89->34->62->98->48->96->25->65->69->13->54->80->97->37->57->33->84->92->56->76->91->88->22->17->20->23->29->36->12->55->72->49->50->24->32->59->42->75
0->2->89->34->62->98->48->96->25->65->69->13->54->80->97->37->57->33->84->92->56->76->91->14->88->31->18->16->82->45->87->27->26->4->100->52->21->63->40->17->86->90->51->93->1->28->85->20->23->12->29->55->49->32->50->24->59->42->75
0->2->89->34->62->98->48->96->25->65->69->13->54->80->97->57->37->33->84->92->56->76->91->88->31->14->18->16->82->45->87->27->26->4->100->52->21->63->40->17->86->90->51->93->1->28->20->15->6->10->23->44->29->12->55->77->36->81->60->39->41->71->72->50->32->24->59->42->75
0->2->89->62->34->98->48->96->25->65->69->13->54->80->97->57->37->33->84->92->56->76->91->88->31->14->18->16->82->45->87->27->26->4->100->52->21->63->40->17->86->90->51->93->1->28->20->15->6->10->23->44->29->12->55->36->77->81->60->39->71->72->49->24->50->32->59->42->75
0->89->2->34->62->98->48->96->25->65->69->13->54->80->97->37->33->57->84->92->56->76->91->88->31->14->18->16->82->45->87->27->26->4->100->52->21->63->40->17->86->90->51->93->1->28->20->15->6->10->23->44->29->12->36->55->77->81->60->39->41->71->72->49->24->32->50->59->42->75
0->2->89->62->34->98->48->96->25->65->69->13->54->80->97->57->37->33->84->92->56->76->91->88->31->14->18->16->82->45->87->27->26->4->100->52->21->63->40->17->86->90->51->93->1->28->20->15->6->10->23->44->12->29->36->55->77->81->60->39->41->71->72->49->24->32->50->59->75->42
0->2->89->62->34->98->48->96->25->65->69->13->54->80->97->57->37->33->84->92->56->76->91->88->31->14->18->16->82->45->87->27->26->4->100->52->21->63->40->17->86->90->51->93->1->28->20->15->6->10->23->44->29->12->55->77->81->36->60->39->41->71->72->49->32->50->24->59->42->75
0->2->89->34->62->98->48->96->25->65->69->13->54->80->97->57->37->33->84->92->56->76->91->14->88->31->18->16->82->45->87->27->26->4->100->52->21->63->40->17->86->90->51->93->1->28->20->15->6->10->23->44->29->12->55->36->77->81->60->39->41->71->72->49->32->50->24->59->42->75
0->2->89->34->62->98->48->96->25->65->69->13->54->80->97->37->57->33->84->92->56->76->91->14->88->31->18->16->82->45->87->27->26->4->100->52->21->63->40->17->86->90->51->93->1->28->20->15->6->10->23->44->12->29->36->55->77->81->60->39->41->71->72->49->50->32->24->59->75->42
0->2->89->34->62->98->48->96->25->65->69->13->54->80->97->37->33->57->84->92->56->76->91->88->31->14->18->16->82->45->87->27->26->4->100->52->21->63->40->17->86->90->51->93->1->28->20->15->6->10->23->44->29->12->77->55->36->81->60->39->41->71->72->49->50->32->24->59->42->75
0->2->89->62->98->48->96->25->65->69->13->54->80->97->37->57->33->38->92->56->76->91->88->31->14->18->16->82->45->87->27->26->4->100->52->21->63->40->17->86->90->51->93->1->28->20->15->6->10->23->44->12->55->29->77->36->81->60->39->41->71->72->49->32->50->24->59->42->75
0->2->89->34->62->98->48->96->25->65->69->13->54->80->97->37->33->57->84->92->56->76->91->88->31->14->18->16->82->45->87->27->26->4->100->52->21->63->40->17->86->90->51->93->1->28->20->15->6->10->23->44->12->29->36->77->55->81->60->39->41->71->72->49->50->24->32->59->42->75
0->2->89->34->62->98->48->96->25->65->69->13->54->80->97->57->37->33->84->92->56->76->91->88->14->18->16->82->45->87->27->26->4->100->52->21->63->40->17->86->90->51->93->1->28->20->15->6->10->23->44->36->29->12->55->77->81->60->39->41->71->72->49->32->24->50->59->42->75
0->2->89->34->62->98->48->96->25->65->69->13->54->80->97->37->33->57->84->92->56->76->91->88->31->14->18->16->82->45->87->27->26->4->100->52->21->63->40->17->86->90->51->93->1->28->20->15->6->10->23->44->29->12->55->36->77->81->60->39->41->71->72->49->32->50->24->59->42->75
0->2->89->34->62->98->48->96->25->65->69->13->54->80->97->37->57->33->38->92->56->76->91->88->31->14->18->16->82->45->87->27->26->4->100->52->21->63->40->17->86->90->51->93->1->28->20->15->6->10->23->44->36->12->55->77->81->60->39->41->71->72->49->32->50->24->59->75
0->2->89->34->62->98->48->96->25->65->69->13->54->80->97->37->57->33->84->92->56->76->91->88->31->14->18->16->82->45->87->27->26->4->100->52->21->63->40->17->86->90->51->93->1->28->20->15->6->10->32->12->55->29->36->60->71->72->49->24->23->59->42->75

island #1
0->2->89->62->34->98->48->96->25->65->69->13->54->80->97->57->37->33->84->92->56->76->91->88->81->77->55->12->36->29->23->17->60->71->72->49->32->24->50->59->42->75
0->2->89->34->62->98->48->96->25->84->65->97->37->92->56->91->88->31->14->18->82->45->61->27->52->17->86->90->51->93->1->28->10->29->55->12->20->23->36->77->81->60->39->41->72->49->32->50->24->59->75->42
0->2->89->34->62->98->48->96->25->65->69->13->54->80->97->37->57->33->84->92->56->76->91->88->31->14->18->16->82->45->87->27->26->4->100->52->21->63->40->17->86->90->51->93->1->28->20->15->6->10->23->44->29->55->36->77->81->60->39->41->71->72->49->50->32->24->59->75->42
0->2->89->34->62->98->48->96->25->65->69->13->54->80->97->37->57->33->84->92->56->76->91->14->88->31->18->16->82->45->87->27->26->4->100->52->21->63->40->17->86->90->51->93->1->28->20->15->6->10->23->44->29->12->36->55->77->81->60->39->41->71->72->49->32->24->50->59->42->75
0->2->89->34->62->98->48->96->25->65->69->13->54->80->97->57->37->67->38->84->92->56->91->88->14->18->82->45->87->27->26->4->100->52->21->63->40->17->86->90->51->93->1->28->20->15->6->10->23->44->29->12->55->36->77->81->60->39->41->71->72->49->32->50->24->59->42->75
0->2->89->62->34->98->48->96->25->65->69->13->54->80->97->37->33->57->84->92->56->76->91->88->31->14->18->16->82->45->87->27->26->4->100->52->21->63->40->17->86->90->51->93->1->28->20->15->6->10->23->44->29->81->12->77->55->36->60->39->41->71->72->49->32->50->24->59->42->75
0->2->89->34->62->98->48->96->25->65->30->17->90->20->23->29->12->55->77->36->60->41->72->49->50->32->24->59->42->75
0->2->89->34->62->98->48->96->25->65->69->13->54->80->97->37->57->33->84->92->56->76->64->82->27->100->52->21->63->40->17->86->90->51->93->1->28->20->15->6->10->23->44->29->36->12->55->77->81->60->39->41->71->72->49->50->24->32->59->42->75
0->2->89->34->62->98->48->96->25->65->69->13->54->80->97->37->33->57->84->92->56->76->91->88->31->14->18->16->82->45->87->27->26->4->100->52->21->63->40->17->86->90->51->93->1->28->20->15->6->10->23->44->36->29->12->55->77->81->60->39->41->71->72->49->32->50->24->59->42->75
0->2->89->34->62->98->48->96->25->65->69->13->54->80->97->37->57->33->84->92->56->76->91->88->31->14->18->16->82->45->87->27->26->4->100->52->21->63->40->17->86->90->51->93->1->28->20->15->6->10->23->44->12->29->36->55->77->81->60->39->41->71->72->49->32->50->24->59->75
0->2->89->34->62->98->48->96->25->65->69->13->54->80->97->37->57->33->84->92->56->76->91->14->88->31->18->16->82->45->87->27->26->4->100->52->21->63->40->17->86->90->51->93->1->28->20->15->6->10->23->44->29->12->36->55->77->81->60->39->41->71->72->49->32->50->24->59->42->75
0->2->89->62->34->98->48->96->25->65->69->13->54->80->97->37->57->33->84->92->56->76->91->88->31->14->18->16->82->45->87->27->26->4->100->52->21->63->40->17->86->90->51->93->1->28->20->15->6->10->23->44->12->29->36->55->77->81->60->39->41->71->72->49->32->50->24->59->42->75
0->2->89->34->62->98->48->96->25->65->69->13->54->80->97->37->33->57->84->92->56->76->91->88->31->14->18->16->82->45->87->27->26->4->100->52->21->63->40->17->86->90->51->93->1->28->20->15->6->10->23->44->29->12->55->77->81->36->60->39->41->71->72->49->24->32->50->59->75->42
0->2->89->34->62->98->48->96->25->69->65->13->54->80->97->37->57->33->84->92->56->76->91->88->31->14->18->16->82->45->87->27->26->4->100->52->21->63->40->17->86->90->51->93->1->28->20->15->6->10->23->44->12->29->36->55->77->81->60->39->41->71->72->49->24->32->50->59->75->42
0->2->89->34->62->98->48->96->25->65->69->13->54->80->97->37->57->33->84->92->56->76->91->88->31->14->18->16->82->45->87->27->26->4->100->52->21->63->40->17->86->90->51->93->1->28->20->15->6->10->23->44->12->55->29->77->81->36->60->39->41->71->72->49->24->32->50->59->42->75
0->2->89->34->62->98->48->96->25->69->65->13->54->80->97->37->33->57->84->92->56->76->91->88->31->14->18->16->82->45->87->27->26->4->100->52->21->63->40->17->86->90->51->93->1->28->20->15->6->10->23->44->29->36->12->55->77->81->60->39->41->71->72->49->75->32->50->24->59->42
0->2->89->34->62->98->48->96->25->65->69->13->54->80->97->57->37->33->84->92->56->76->91->88->31->14->18->16->82->45->87->27->26->4->100->52->21->63->40->17->86->90->51->93->1->28->20->15->6->10->23->44->29->36->55->12->77->81->60->39->41->71->72->49->32->50->24->59->75->42
0->2->89->62->34->98->48->96->25->65->69->13->54->80->97->37->57->33->84->92->56->76->91->14->88->31->18->16->82->45->87->27->26->4->100->52->21->63->40->17->86->90->51->93->1->28->20->15->6->10->23->44->29->36->12->55->77->81->60->39->41->71->72->49->32->50->24->59->42->75
0->2->89->34->62->98->48->96->25->65->69->13->54->80->97->37->57->33->38->92->56->76->91->88->31->14->18->16->82->45->87->27->26->4->100->52->21->63->40->17->86->90->51->93->1->28->20->15->6->10->23->44->12->55->29->36->77->81->60->39->41->71->72->49->32->50->24->59->75->42
0->2->89->34->62->98->48->96->25->38->84->37->57->97->92->56->91->88->31->14->82->45->87->27->26->4->100->52->21->63->40->17->86->90->51->93->1->28->20->15->6->10->23->44->29->12->36->55->77->81->60->39->41->71->72->49->50->32->24->59->42->75
0->2->89->34->62->98->48->96->25->69->65->13->54->80->97->37->57->33->84->92->56->76->9->91->88->31->14->18->82->45->87->27->26->4->100->52->21->63->40->17->86->90->51->93->1->28->20->15->6->10->23->44->12->29->36->55->77->81->60->39->41->71->72->49->50->32->24->59->42->75
0->2->89->34->62->98->48->96->25->65->69->13->54->80->97->37->57->33->84->92->56->76->91->88->31->14->18->16->82->45->87->27->26->4->100->52->21->63->40->17->86->90->51->93->1->28->20->15->6->10->23->44->36->55->12->77->81->60->39->41->71->72->49->32->50->24->59->75
0->2->89->62->34->98->48->96->25->65->69->13->54->80->97->57->37->33->84->92->56->76->91->88->31->14->18->16->82->45->87->27->26->4->100->52->21->63->40->17->86->90->51->93->1->28->20->15->6->10->23->44->29->36->12->55->77->81->60->39->71->72->49->50->32->24->59->42->75

island #2
0->2->89->34->62->98->48->96->25->65->69->13->54->80->97->37->57->33->84->92->56->76->91->88->31->14->18->70->82->45->87->27->26->4->100->52->21->63->40->17->86->90->51->93->1->28->20->15->6->10->23->44->36->29->12->55->77->81->60->39->41->71->72->49->50->24->32->59->42->75
0->2->89->34->62->98->48->96->25->65->69->13->54->80->97->37->57->33->84->92->56->76->91->88->31->14->18->16->82->45->87->27->26->4->100->52->21->63->40->17->86->90->51->93->1->28->20->15->6->10->23->44->29->36->12->55->77->81->60->39->41->71->72->49->24->32->50->59->75->42
0->2->89->34->62->98->48->96->25->65->69->13->54->80->97->37->57->84->92->56->76->91->88->31->14->18->16->82->45->87->27->26->4->100->52->21->63->40->17->86->90->51->93->1->28->20->15->6->10->23->44->29->36->12->55->77->81->60->39->41->71->72->49->75->50->24->59->32->42
0->2->89->62->34->98->48->3->97->37->84->92->56->88->14->82->27->100->52->21->63->40->17->86->90->51->93->1->28->20->15->6->10->23->44->12->29->77->36->55->81->60->39->41->71->72->49->50->24->32->59->42->75
0->2->89->34->62->98->48->96->25->65->69->13->54->80->97->57->37->33->84->92->56->76->87->14->100->27->21->52->63->29->77->36->81->60->39->41->71->72->49->32->50->24->59->75->42
0->2->89->34->62->98->48->96->25->65->69->13->54->80->97->37->57->33->84->92->11->27->52->17->86->90->51->93->1->28->20->15->10->23->44->29->36->12->55->77->81->60->39->41->71->72->49->50->24->32->59->42->75
0->2->89->34->62->98->48->96->25->65->69->13->54->80->97->37->57->33->84->92->56->76->91->88->14->18->16->82->45->87->27->26->4->100->52->21->63->40->17->86->90->51->93->1->28->20->15->6->10->23->44->29->12->36->55->77->81->60->39->41->71->72->49->24->32->50->59->42->75
0->2->89->34->62->98->48->96->25->65->69->13->54->80->97->57->37->33->84->92->56->76->91->88->14->18->16->82->45->87->27->26->4->100->52->21->63->40->17->86->90->51->93->1->28->20->15->6->10->23->44->12->29->55->36->77->81->60->39->41->71->72->49->50->32->24->59->75->42
0->2->89->62->34->98->48->96->25->65->69->13->54->80->97->57->37->33->84->92->56->76->91->88->31->14->18->16->82->45->87->27->26->4->100->52->21->63->40->17->86->90->51->93->1->28->20->15->6->10->23->44->36->12->55->29->77->81->60->39->41->71->72->49->50->75->24->59->32->42
0->89->2->34->62->98->48->96->25->65->69->13->54->80->97->37->57->33->84->92->56->76->91->88->31->14->18->16->82->45->87->27->26->4->100->52->21->63->40->17->86->90->51->93->1->28->20->15->6->10->23->44->29->36->55->12->77->81->60->39->41->71->72->49->32->50->24->59->75->42
0->2->89->62->34->98->48->96->25->65->69->13->54->80->97->57->37->33->84->92->56->76->91->88->31->14->18->16->82->45->87->27->26->4->100->52->21->63->40->17->86->90->51->93->1->28->20->15->6->10->23->44->12->29->55->77->81->36->60->39->41->71->72->49->24->32->50->59->42->75
0->2->89->34->62->98->48->96->25->65->69->13->54->80->97->37->57->33->84->92->56->76->91->88->31->14->18->16->82->45->87->27->26->4->100->52->21->63->40->17->86->90->51->93->1->28->20->15->6->10->23->44->36->12->55->29->77->81->60->39->41->71->72->49->32->24->50->59->75->42
0->2->89->34->62->98->48->96->25->65->69->13->54->80->97->57->37->33->84->92->56->76->91->88->31->14->18->16->82->45->87->27->26->4->100->52->21->63->40->17->86->90->51->93->1->28->20->15->6->10->23->44->12->29->55->36->77->81->60->39->41->71->72->49->50->24->32->59->42->75
0->2->89->34->62->98->48->96->25->65->69->13->54->80->97->37->33->57->84->92->56->76->91->88->31->14->18->16->82->45->87->27->26->4->100->52->21->63->40->17->86->90->51->93->1->28->20->15->6->10->23->44->12->55->29->36->77->81->60->39->41->71->72->49->32->50->24->59->75->42
0->2->89->34->62->98->48->96->25->65->69->13->54->80->97->37->33->57->84->92->56->76->91->88->31->14->18->16->82->45->87->27->26->4->100->52->21->63->40->17->86->90->51->93->1->28->20->15->6->10->23->44->12->29->77->36->55->81->60->39->41->71->72->49->50->24->32->59->42->75
0->2->89->34->62->98->48->96->25->65->69->13->54->80->97->37->57->33->84->92->56->76->91->88->31->14->18->16->82->45->87->27->26->4->100->52->21->63->40->17->86->90->51->93->1->28->20->15->6->10->23->44->29->12->55->36->77->81->60->39->41->71->72->49->50->24->32->59->42->75
0->2->89->34->62->98->48->96->25->69->65->13->54->80->97->37->33->57->84->92->56->76->91->88->31->14->18->16->82->45->87->27->26->4->100->52->21->63->40->17->86->90->51->93->1->28->20->15->6->10->23->44->12->29->36->55->77->81->60->39->41->71->72->49->50->32->24->59->42->75
0->2->89->34->62->98->48->96->25->65->69->13->54->80->97->37->57->33->38->92->56->76->91->88->31->14->18->16->82->45->87->27->26->4->100->52->21->63->40->17->86->90->51->93->1->28->20->15->6->10->23->44->36->12->55->77->81->60->39->41->71->72->49->32->50->24->59->75->42
0->2->89->34->62->98->48->96->25->65->69->13->54->80->97->37->57->33->38->92->56->76->91->14->88->31->18->16->82->45->87->27->26->4->100->52->21->63->40->17->86->90->51->93->1->28->20->15->6->10->23->44->12->29->36->55->77->81->60->39->41->71->72->49->32->24->50->59->42->75
0->2->89->34->62->98->48->96->25->65->69->13->54->80->97->37->33->57->84->92->56->76->91->88->31->14->18->16->82->45->87->27->26->4->100->52->21->63->40->17->86->90->51->93->1->28->20->15->6->10->23->44->12->29->36->77->55->81->60->39->41->71->72->49->50->24->32->59->75
0->2->89->34->62->98->48->96->25->69->65->13->54->80->97->37->33->57->40->52->27->92->17->90->51->93->1->28->20->10->23->44->29->12->55->77->36->81->60->39->41->71->72->49->24->32->50->59->42->75
0->2->89->34->62->98->48->96->25->65->69->13->54->80->97->37->57->33->84->92->56->76->91->14->88->31->18->16->82->45->87->27->26->4->100->52->21->63->40->17->86->90->51->93->1->28->20->15->6->10->23->44->29->12->55->36->77->81->60->39->41->71->72->49->50->32->24->59->75->42
0->2->89->34->62->98->48->96->25->65->69->13->54->80->97->37->33->57->84->92->56->76->91->88->31->14->18->16->82->45->87->27->26->4->100->52->21->63->40->17->86->90->51->93->1->28->20->15->6->10->23->44->36->55->12->29->77->81->60->39->41->71->72->49->32->50->24->59->42->75
0->2->89->34->62->98->48->96->25->65->69->13->54->80->97->57->37->33->38->92->56->76->91->88->31->14->18->16->82->45->87->27->26->4->100->52->21->63->40->17->86->90->51->93->1->28->20->15->6->10->23->44->12->55->29->36->77->81->60->39->41->71->72->49->32->50->24->59->42->75
0->2->89->34->62->98->48->96->25->65->69->13->54->80->97->37->57->33->84->92->56->76->91->88->31->14->18->16->82->45->87->27->26->4->100->52->21->63->40->17->86->90->51->93->1->28->20->15->6->10->23->44->12->55->29->77->81->36->60->39->41->71->72->49->32->50->24->59->42->75
0->2->89->34->62->98->48->96->25->65->69->13->54->80->97->37->33->57->84->92->56->76->91->88->31->14->18->16->82->45->87->27->26->4->100->52->21->63->40->17->86->90->51->93->1->28->20->15->6->10->23->44->29->36->81->12->55->77->60->39->41->71->72->49->32->50->24->59->42->75
0->2->89->34->62->98->48->96->25->69->65->13->54->80->97->37->33->57->84->92->56->76->91->88->31->14->18->16->82->45->87->27->26->4->100->52->21->63->40->17->86->90->51->93->1->28->20->15->6->10->23->44->29->12->55->36->77->81->60->39->41->71->72->49->50->24->32->59->42->75
0->2->89->34->62->98->48->96->25->65->69->13->54->80->97->37->57->33->84->92->56->76->91->88->31->14->18->16->82->45->87->27->26->4->100->52->21->63->40->17->86->90->51->93->1->28->20->15->6->10->23->44->29->36->12->55->77->81->60->39->41->71->72->49->32->50->24->59->75->42

island #3
0->2->89->34->62->98->48->96->25->65->69->13->54->80->97->37->33->57->84->92->56->76->91->88->31->14->18->16->82->45->87->27->26->28->12->10->51->44->60->81->29->77->55->20->23->17->41->72->49->24->50->32->59->42->75
0->2->89->34->62->98->48->96->25->65->69->13->54->80->97->37->33->57->84->92->52->76->91->88->31->14->18->82->45->87->27->26->4->100->21->63->40->17->86->90->51->93->1->28->20->15->6->10->23->44->12->29->36->55->77->81->60->39->41->71->32->59->42->75
0->2->89->34->62->98->48->96->25->65->69->13->54->80->97->37->57->33->38->92->56->76->91->88->31->14->18->16->82->45->87->27->26->4->100->52->21->63->40->17->86->90->51->93->1->28->20->15->6->10->23->44->29->12->55->36->77->81->60->39->41->71->72->49->32->50->24->59->75->42
0->2->89->34->62->98->48->96->25->65->69->13->54->80->97->37->57->33->84->92->56->76->91->88->14->18->16->82->45->87->27->26->4->100->52->21->63->40->17->86->90->51->93->1->28->20->15->6->10->23->44->29->12->55->36->77->81->60->39->41->71->72->49->50->32->24->59->75->42
0->2->89->62->34->98->48->96->25->65->69->13->54->80->97->37->33->57->84->92->56->76->91->88->31->14->18->16->82->45->87->27->26->4->100->52->21->63->40->17->86->90->51->93->1->28->20->15->6->10->23->44->36->12->29->55->77->81->60->39->41->71->72->49->24->32->50->59->42->75
0->2->89->34->62->98->48->96->25->69->65->13->54->80->97->37->33->57->84->92->56->76->91->88->31->14->18->16->82->45->87->27->26->4->100->52->21->63->40->17->86->90->51->93->1->28->20->15->6->10->23->44->12->29->36->55->77->81->60->39->41->71->72->49->24->32->50->59->42->75
0->2->89->34->62->98->48->96->25->65->69->13->54->80->97->37->57->33->84->92->56->76->91->88->31->14->18->16->82->45->87->52->26->4->100->27->21->63->40->17->86->90->51->93->1->28->20->15->6->10->23->44->12->29->55->36->77->81->60->39->41->71->72->49->50->32->24->59->75->42
0->2->34->98->48->96->25->62->65->69->13->91->88->31->14->18->16->82->45->61->27->52->17->86->90->51->93->1->28->20->10->23->44->12->55->29->77->36->81->60->39->41->71->72->49->32->50->24->59->75->42
0->2->89->62->34->98->48->96->25->65->69->13->54->80->97->37->33->57->84->92->56->76->91->88->31->14->18->16->82->45->87->27->26->4->100->52->21->63->40->17->86->90->51->93->1->28->20->15->6->10->23->44->29->12->55->36->77->81->60->39->41->71->72->49->24->32->59->75->42
0->2->89->34->62->98->48->96->25->65->69->13->54->80->97->37->57->78->84->92->56->76->91->14->88->31->18->16->82->45->87->27->26->4->100->52->21->63->40->17->86->90->51->93->1->28->20->15->6->10->23->44->29->12->36->55->77->81->60->39->41->71->72->49->32->24->50->59->42->75
0->2->89->34->62->98->48->96->25->65->69->13->54->80->97->37->33->57->84->92->56->76->91->88->31->14->18->16->82->45->87->27->26->4->100->52->21->63->40->17->86->90->51->93->1->28->20->15->6->10->23->44->29->81->12->55->77->36->60->39->41->71->72->49->32->50->24->42->75
0->2->89->34->62->98->48->96->25->65->69->13->54->80->97->57->37->33->84->92->56->76->91->14->88->31->18->16->82->45->87->27->26->4->100->52->21->63->40->17->86->90->51->93->1->28->20->15->6->10->23->44->29->12->55->77->81->60->39->41->71->72->49->50->32->24->59->75->42
0->2->89->62->34->98->48->96->25->65->69->13->54->80->97->37->57->33->84->92->56->76->91->88->31->14->18->16->82->45->87->27->26->4->100->52->21->63->40->17->86->90->51->93->1->28->20->15->6->10->23->44->12->29->77->55->36->81->60->39->41->71->72->49->50->32->24->59->42->75
0->2->89->34->62->98->48->96->25->65->69->13->54->80->97->37->33->57->84->92->56->76->91->88->31->14->18->16->82->45->87->27->26->4->100->52->21->63->40->17->86->90->51->93->1->28->20->15->6->10->23->44->36->12->29->55->77->81->60->39->41->71->72->49->32->24->50->59->42->75
0->2->89->34->62->98->48->96->25->65->69->13->54->80->97->37->33->57->84->92->56->76->91->88->31->14->18->16->82->45->87->27->26->4->100->52->21->63->40->17->86->90->51->93->1->28->20->15->6->10->23->44->12->29->55->36->77->81->60->39->41->71->72->49->24->32->50->59->75->42
0->2->89->62->34->98->48->96->25->65->69->13->54->80->97->37->33->57->84->92->56->76->91->88->31->14->18->16->82->45->87->27->26->4->100->52->21->63->40->17->86->90->51->93->1->28->20->15->6->10->23->44->12->29->36->55->77->81->60->39->41->71->72->49->24->32->50->59->42->75
0->2->89->34->62->98->48->96->25->65->69->13->54->80->97->57->37->33->84->92->56->76->91->88->31->14->18->16->82->45->87->27->26->4->100->52->21->63->40->17->86->90->51->93->1->28->20->15->6->10->23->44->29->12->55->77->36->81->60->39->41->71->72->49->32->50->24->59->42->75
0->2->89->34->62->98->48->96->25->65->69->13->54->80->97->37->33->57->84->92->56->76->91->88->31->14->18->16->82->45->87->27->26->4->100->52->21->63->40->17->86->90->51->93->1->28->20->15->6->10->23->44->29->36->12->55->77->81->60->39->41->71->72->49->32->50->24->59->75->42
0->2->89->34->62->98->48->96->25->65->69->13->54->80->97->37->57->33->38->92->56->76->91->88->31->14->18->16->82->45->87->27->26->4->100->52->21->63->40->17->86->90->51->93->1->28->20->15->6->10->23->44->12->55->36->77->81->60->39->41->71->72->49->32->50->24->59->75->42
0->2->89->62->34->98->48->96->25->65->69->13->54->80->97->37->57->33->84->92->56->76->91->88->31->14->18->16->82->45->87->27->26->4->100->52->21->63->40->17->86->90->51->93->1->28->20->15->6->10->23->44->29->12->55->77->36->81->60->39->41->71->72->49->32->50->24->59->75->42
0->2->89->34->62->98->48->96->25->65->69->13->54->80->97->57->37->33->84->92->56->76->91->88->31->14->18->16->82->45->87->27->26->4->100->52->21->63->40->17->86->90->51->93->1->28->20->15->6->10->23->44->12->36->55->29->77->81->60->39->41->71->72->49->50->32->24->59->75->42
0->2->89->34->62->98->48->96->25->65->69->13->54->80->97->37->57->33->84->92->56->76->91->88->31->14->18->16->82->45->87->27->26->4->100->52->21->63->40->17->86->90->51->93->1->28->20->15->6->10->23->44->29->36->55->12->77->81->60->39->41->71->72->49->32->50->24->59->75->42
0->2->89->34->62->98->48->96->25->65->69->13->54->80->97->57->37->33->84->87->26->86->1->28->90->51->17->20->93->10->23->44->36->12->55->29->77->81->60->39->41->71->72->49->24->32->50->59->42->75
0->2->89->62->34->98->48->96->25->65->69->13->54->80->97->37->33->57->84->92->56->76->91->88->31->14->18->16->82->45->87->27->26->4->100->52->21->63->40->17->86->90->51->93->1->28->20->15->6->10->23->44->29->81->36->12->55->77->60->39->41->71->72->32->50->24->59->42->75
0->2->89->62->34->98->48->96->25->65->69->13->54->80->97->37->57->33->84->92->56->76->91->88->31->14->18->16->82->45->87->27->26->4->100->52->21->63->40->17->86->90->51->93->1->28->20->15->6->10->23->44->36->29->12->55->77->81->60->39->41->71->72->49->50->32->24->59->42->75

island #4
0->2->89->34->62->98->48->96->25->65->69->13->54->80->97->37->33->57->84->92->56->76->91->88->31->14->18->16->82->45->87->27->26->4->100->52->21->63->40->17->86->90->51->93->1->28->20->15->6->10->23->44->36->29->12->55->77->81->60->39->41->71->72->49->50->75->32->59
0->2->89->34->62->98->48->96->25->65->69->13->54->80->97->37->57->33->84->92->56->76->91->88->31->14->18->16->82->45->87->27->26->4->100->52->21->63->40->17->86->90->51->93->1->28->20->15->6->10->23->44->29->36->12->55->77->81->60->39->41->71->72->49->75->50->32->59->42
0->2->89->34->62->98->48->96->25->65->69->13->54->80->97->37->57->33->84->92->56->76->91->88->31->14->18->16->82->45->87->27->26->4->100->52->21->63->40->17->86->90->51->93->1->28->20->15->6->10->23->44->29->36->12->55->77->81->60->39->41->71->72->49->75->50->24->59->32
0->2->89->34->62->98->48->96->25->65->69->13->54->80->97->37->57->33->84->92->56->76->91->88->31->14->18->16->82->45->87->27->26->4->100->52->21->63->40->17->86->90->51->93->1->28->20->15->6->10->23->44->36->12->55->29->77->81->60->39->41->71->72->49->32->50->24->59->42->75
0->2->89->34->62->98->48->96->25->65->69->13->54->80->97->37->57->33->38->92->56->76->91->88->31->14->18->16->82->45->87->27->26->4->100->52->21->63->40->17->86->90->51->93->1->28->20->15->6->10->23->44->12->55->29->36->77->81->60->39->41->71->72->49->32->50->24->59->42->75
0->2->89->34->62->98->48->96->25->65->69->13->54->80->97->57->37->33->84->92->56->76->91->88->31->14->18->16->82->45->87->27->26->4->100->29->12->23->20->17->36->55->77->60->41->72->49->32->50->24->59->42->75
0->2->89->34->62->98->48->96->25->65->69->13->54->80->97->37->33->57->84->9->92->56->91->88->14->82->45->27->26->4->100->52->21->63->40->17->86->90->51->93->1->28->20->15->6->10->23->44->12->29->77->55->36->81->60->39->41->71->72->49->50->24->32->59->42->75
0->2->89->34->62->98->48->96->25->65->69->13->54->80->97->37->57->33->47->84->92->56->76->91->88->31->14->18->82->45->87->27->26->4->100->52->21->63->40->17->86->90->51->93->1->28->20->15->6->10->23->44->36->29->12->55->77->81->60->39->41->71->72->49->24->50->32->59->42->75
0->2->89->62->34->98->48->96->25->65->69->13->54->80->97->37->33->57->84->92->56->76->91->88->31->14->18->16->82->45->87->27->26->4->100->52->21->63->40->17->86->90->51->93->1->28->20->15->6->10->23->44->12->29->55->36->77->81->60->39->41->71->72->49->24->32->50->59->42->75
0->2->89->66->97->84->92->56->27->52->21->63->40->17->86->90->51->93->1->28->20->15->6->10->23->44->29->12->55->77->36->81->60->39->41->71->72->49->50->32->24->59->42->75
0->2->89->34->62->98->48->96->25->65->69->13->54->80->97->37->57->33->84->92->56->76->91->88->31->14->18->16->35->82->87->27->26->100->52->21->63->40->17->86->90->51->93->1->28->20->15->6->10->23->44->29->12->55->77->36->81->60->39->41->71->72->49->50->32->24->59->42->75
0->2->89->62->34->98->48->96->25->65->69->13->54->80->97->37->33->57->84->92->56->76->91->88->31->14->18->16->82->45->87->27->26->4->100->52->21->63->40->17->68->86->90->51->93->1->28->20->15->10->23->44->29->36->12->55->77->81->60->39->41->71->72->49->50->24->32->59->75->42
0->2->89->34->62->98->48->96->25->69->65->13->54->80->35->97->37->57->84->92->56->76->91->88->31->14->18->16->82->45->87->27->26->4->100->52->21->63->40->17->86->90->51->93->1->28->20->15->6->10->23->44->12->29->55->36->77->81->60->39->41->71->72->49->50->32->24->59->42->75
0->2->89->34->62->98->48->96->25->65->69->13->54->80->97->37->33->57->84->92->56->76->91->88->31->14->18->16->82->45->87->27->26->4->100->52->21->63->40->17->86->90->51->93->1->28->20->15->6->10->23->44->12->29->77->55->36->81->60->39->41->71->72->49->50->32->24->59->42->75
0->2->89->62->34->98->48->96->25->65->69->13->54->80->97->57->37->33->84->92->56->76->91->88->31->14->18->16->82->45->87->27->26->4->100->52->21->63->40->17->86->90->51->93->1->28->20->15->6->10->23->44->12->29->36->55->77->81->60->39->41->71->72->49->32->50->24->59->42->75
0->89->2->34->62->98->48->96->25->65->69->13->54->80->97->37->57->33->84->92->56->76->91->88->31->14->18->16->82->45->87->27->26->4->100->52->21->63->40->17->86->90->51->93->1->28->20->15->6->10->23->44->12->29->55->36->77->81->60->39->41->71->72->49->50->32->24->59->42->75
0->89->2->34->62->98->48->96->25->65->69->13->54->80->97->37->33->57->84->92->56->76->91->88->31->14->18->16->82->45->87->27->26->4->100->52->21->63->40->17->86->90->51->93->1->28->20->15->6->10->23->44->29->36->12->55->77->81->60->39->41->71->72->49->32->50->24->59->42->75
0->2->89->34->62->98->48->96->25->65->69->13->54->80->97->37->33->57->84->92->56->76->91->88->31->14->18->16->82->45->87->27->26->4->100->52->21->63->40->17->86->90->51->93->1->28->20->15->6->10->23->44->36->12->55->29->77->81->60->39->41->71->72->49->32->50->24->59->75->42
0->2->89->34->62->98->48->96->25->65->69->13->54->80->97->57->37->33->84->92->56->76->91->88->31->14->18->16->82->45->87->27->26->4->100->52->21->63->40->17->86->90->51->93->1->28->20->15->6->10->23->44->12->29->36->55->77->81->60->39->41->71->72->49->24->32->50->59->42->75
0->2->89->34->62->98->48->96->25->65->69->13->54->80->97->37->57->33->84->92->56->76->91->88->31->14->18->16->82->45->87->27->26->4->100->52->21->63->40->17->86->90->51->93->1->28->20->15->6->10->23->44->29->12->36->55->77->81->60->39->41->71->72->49->50->32->24->59->75->42
0->2->89->62->34->98->48->96->25->65->69->13->54->80->97->37->57->33->84->92->56->76->91->88->31->14->18->16->82->45->87->27->26->4->100->52->21->63->40->17->86->90->51->93->1->28->20->15->6->10->23->44->29->36->12->55->77->81->60->39->41->71->72->49->24->32->50->59->42->75
0->2->89->34->62->98->48->96->25->65->69->13->54->80->97->37->57->33->84->92->56->76->91->88->31->14->18->16->82->45->87->27->26->4->100->52->21->63->40->17->86->90->51->93->1->28->20->15->6->10->23->44->36->12->55->29->77->81->60->39->41->71->72->49->24->32->50->59->42->75
0->2->89->34->62->98->48->96->25->65->69->13->54->80->97->37->33->57->84->92->56->76->91->88->31->14->18->16->82->45->87->27->26->4->100->52->21->63->40->17->86->90->51->93->1->28->20->15->6->10->23->44->29->36->12->55->77->81->60->39->41->71->72->49->24->32->50->59->42->75
0->2->89->34->62->98->48->96->25->65->69->13->54->80->97->37->57->33->38->92->56->76->91->88->31->14->18->16->82->45->87->27->26->4->100->52->21->63->40->17->86->90->51->93->1->28->20->15->6->10->23->44->36->55->12->29->77->81->60->39->41->71->72->49->32->50->24->59->75
0->2->89->62->34->98->48->96->25->65->69->13->54->80->97->37->33->57->84->92->56->76->91->88->31->14->18->16->82->45->87->27->26->4->100->52->21->63->40->17->86->90->51->93->1->28->20->15->6->10->23->44->12->55->29->36->77->81->60->39->41->71->72->49->24->32->50->59->42->75
0->2->89->34->62->98->48->96->25->65->69->13->54->80->97->37->57->33->84->92->56->76->91->88->31->14->18->16->82->45->87->27->26->4->100->52->21->63->40->17->86->90->51->93->1->28->20->15->6->10->23->44->12->29->55->36->77->81->60->39->41->71->72->49->24->50->32->59->42->75
0->2->89->34->62->98->48->96->25->65->69->13->54->80->97->37->33->57->84->92->56->76->91->88->31->14->18->16->82->45->87->27->26->4->100->52->21->63->40->17->86->90->51->93->1->28->20->15->6->10->23->44->12->29->36->55->77->81->60->39->41->71->72->49->32->50->24->59->42->75
0->2->89->34->62->98->48->96->25->65->69->13->54->80->97->37->57->33->38->92->56->76->91->87->14->82->27->100->52->63->40->17->86->90->51->93->1->28->20->15->6->10->23->44->12->36->29->55->77->60->39->41->72->49->32->24->42->59->75
0->2->89->34->62->98->48->96->25->65->69->13->54->80->97->57->37->33->84->92->56->76->91->88->31->14->18->16->82->45->87->27->26->4->100->52->21->63->40->17->86->90->51->93->1->28->20->15->6->10->23->44->29->12->55->77->36->81->60->39->41->71->72->49->24->32->50->59->42->75
0->2->89->34->62->98->48->96->25->69->65->13->54->80->97->37->57->33->84->92->56->76->91->88->31->38->14->82->87->27->26->100->52->21->63->40->17->86->90->51->93->1->28->20->15->6->10->23->44->12->29->36->55->77->81->60->39->41->71->72->49->50->32->24->59->42->75
0->2->89->34->62->98->48->96->25->65->69->13->54->80->97->37->57->33->38->84->92->56->91->14->88->18->82->45->87->27->26->4->100->52->21->63->40->17->86->90->51->93->1->28->20->15->6->10->23->44->12->55->36->77->81->60->39->41->71->72->49->32->50->24->59->42->75
0->89->2->34->62->98->48->96->25->65->69->13->54->80->97->57->37->33->84->92->56->76->91->88->31->14->18->16->82->45->87->27->26->4->100->52->21->63->40->17->86->90->51->93->1->28->20->15->6->10->23->44->12->36->29->55->77->81->60->39->41->72->49->24->50->32->59->75->42
0->2->89->34->62->98->48->96->25->65->69->13->54->80->97->37->33->57->84->92->56->76->91->88->31->14->18->16->82->45->87->27->26->4->100->52->21->63->40->17->86->90->51->93->1->28->20->15->6->10->23->44->29->36->12->55->77->81->60->39->41->71->72->49->32->24->50->59->42->75
0->2->89->34->62->98->48->96->25->65->69->13->54->80->97->37->57->33->38->92->56->76->91->88->31->14->18->16->82->45->87->27->26->4->100->52->21->63->40->17->86->90->51->93->1->28->20->15->6->10->23->44->12->55->29->36->77->81->60->39->41->71->72->49->32->50->24->59->75

island #5
0->2->89->62->34->98->48->96->25->65->69->13->54->80->97->37->57->33->84->92->56->76->91->88->31->14->18->16->82->45->87->27->26->4->100->52->21->63->40->17->86->90->51->93->1->28->20->15->6->10->23->44->12->55->29->77->36->81->60->39->41->71->72->49->32->50->24->59->75->42
0->2->89->62->34->98->48->96->25->65->69->13->54->80->97->37->57->33->84->92->56->76->91->88->31->14->18->16->82->45->87->27->26->4->100->52->21->63->40->17->86->90->51->93->1->28->20->15->6->10->23->44->29->12->55->36->77->81->60->39->41->71->72->49->32->50->24->59->42->75
0->2->89->34->62->98->48->96->25->69->65->13->54->80->97->37->33->57->84->92->56->76->91->88->31->14->18->16->82->45->87->27->26->4->100->52->21->63->40->17->86->90->51->93->1->28->20->15->6->10->23->44->12->29->77->36->55->81->60->39->41->71->72->49->50->24->32->59->42->75
0->2->89->34->62->98->48->96->25->65->69->13->54->80->97->37->57->33->84->92->56->76->91->88->31->14->18->16->82->45->87->27->26->4->100->52->21->63->40->17->86->90->51->93->1->28->20->15->6->10->23->44->29->12->55->77->36->81->60->39->41->71->72->49->50->32->24->59->42->75
0->2->89->34->62->98->48->96->25->65->69->13->54->80->97->37->57->33->38->92->56->76->91->88->31->14->18->16->82->45->87->27->26->4->100->52->21->63->40->17->86->90->51->93->1->28->20->15->6->10->23->44->12->29->36->55->77->81->60->39->41->71->72->49->24->32->50->59->42->75
0->2->89->34->62->98->48->96->25->65->69->13->54->80->97->37->57->33->84->92->56->76->91->88->31->14->18->16->82->45->87->27->26->4->100->52->21->63->40->17->86->90->51->93->1->28->20->15->6->10->23->44->29->12->55->36->77->81->60->39->41->71->72->49->32->50->24->59->42->75
0->2->89->34->62->98->48->96->54->65->69->13->80->97->37->33->57->84->9->92->56->91->88->14->82->45->27->26->4->100->52->21->63->40->17->86->90->51->93->1->28->20->15->6->10->23->44->12->29->77->55->36->81->60->39->41->71->72->49->50->24->32->59->42->75
0->2->89->62->34->98->48->96->25->65->69->13->54->80->97->57->37->33->84->92->56->76->91->88->31->14->18->16->82->45->87->27->26->4->100->52->21->63->40->17->86->90->51->93->1->28->20->15->6->10->23->44->29->36->12->55->77->81->60->39->41->71->72->49->32->24->50->59->42->75
0->2->89->34->62->98->48->96->25->65->69->13->54->80->97->37->57->33->84->92->56->76->91->14->88->31->18->16->82->45->87->27->26->4->100->52->21->63->40->17->86->90->51->93->1->28->20->15->6->10->23->44->29->12->36->55->77->81->60->39->41->71->72->49->24->32->50->59->42->75
0->2->89->34->62->98->48->96->25->65->69->13->54->80->97->37->57->33->84->92->56->76->91->88->31->14->18->16->82->45->87->27->26->4->100->52->21->63->40->17->86->90->51->93->1->28->20->15->6->10->23->44->36->12->55->29->77->81->60->39->41->71->72->49->32->50->24->59->75->42
0->2->89->34->62->98->48->96->25->65->69->13->54->80->97->37->33->57->84->92->56->76->91->88->31->14->18->16->82->45->87->27->26->4->100->52->21->63->40->17->86->90->51->93->1->28->20->15->6->10->23->44->12->29->36->55->77->81->60->39->41->71->72->49->24->32->50->59->42->75
0->2->89->34->62->98->48->96->25->65->69->13->54->80->97->37->57->33->84->92->56->76->91->88->31->14->18->16->82->45->87->27->26->4->100->52->21->63->40->17->86->90->51->93->1->28->20->15->6->10->23->44->29->12->36->55->77->81->60->39->41->71->72->49->50->32->24->59->42->75
0->2->89->34->62->98->48->96->25->65->69->13->54->80->97->37->57->33->38->92->56->76->91->88->31->14->18->16->82->45->87->27->26->4->100->52->21->63->40->17->86->90->51->93->1->28->20->15->6->10->23->44->36->55->12->29->77->81->60->39->41->71->72->49->24->42->32->59->75
0->2->89->34->62->98->48->96->25->65->69->13->54->80->97->37->57->33->38->92->56->76->91->88->31->14->18->16->82->45->87->27->26->4->100->52->21->63->40->17->86->90->51->93->1->28->20->15->6->10->23->44->29->36->12->55->77->81->60->39->41->71->72->49->32->50->24->59->42->75
0->2->89->34->62->98->48->96->25->65->69->13->54->80->97->37->57->99->84->92->56->91->88->14->82->27->26->4->100->52->21->63->40->17->86->90->51->93->1->28->20->15->6->10->23->44->29->36->12->55->77->81->60->39->41->71->72->49->50->24->32->59->42->75
0->2->89->34->62->98->48->96->25->65->69->13->54->80->97->37->57->33->84->38->92->56->91->14->88->18->82->45->87->27->26->4->100->52->21->63->40->17->86->90->51->93->1->28->15->6->10->23->44->29->12->55->77->36->81->60->39->41->71->72->49->32->50->24->59->42->75
0->2->89->62->34->98->48->96->25->65->69->13->54->80->97->37->57->33->84->92->56->76->91->88->31->14->18->16->82->45->87->27->26->4->100->52->21->63->40->17->86->90->51->93->1->28->20->15->6->10->23->44->29->12->55->36->77->81->60->39->41->71->72->49->32->50->24->59->75
